8624012517028649424301512413114714135173158156147
13424987331564522017717420524010919914322967659133240
203281411661975845247204115548823961149538513443251
32105361935521871044536192942399620240253991214
229169234214136207247170155174219122425515924424042130203
1422515621524075222104101562551278581016423714921674
861881481172720916212821941437113015919814515853217
4472215537913601992552112753171237397410315861152
208732351161904117017521010923877188729819724718950235
2214920412415414092692786200109923394216121328175
15954621411401549817639127937157779813218222521193
17222104184191181632018347195179101561949321914172150
8123820124718017825054121844420876114846815663155106
165144141108209562411158206732178973724726187327
31061891672281612217213233147519191539754156158208
19621770207592322108457302281524267661982031816588
1949236331522461091443712915923176129582291210228
801572501531181812194541721468382442253682507062
250175701431352621335234145185213542401988925597161
1514419152396963177535913298182229137246215187239122
250175701431352621335234145185213542401988925597161
1514419152396963177535913298182229137246215187239122
250175701431352621335234145185213542401988925597161
1514419152396963177535913298182229137246215187239122
250175701431352621335234145185213542401988925597161
1514419152396963177535913298182229137246215187239122
1949236331522461091443712915923176129582291210228
801572501531181812194541721468382442253682507062
250175701431352621335234145185213542401988925597161
1514419152396963177535913298182229137246215187239122
